
--- System Usage BEFORE EXPERIMENT START ---
CPU Usage: 0.0%
Total RAM: 7.01 GB
Available RAM: 3.25 GB
Used RAM: 3.38 GB
--- End System Usage ---

Starting experiments up to n=256, step=4, trials=5
Strassen's internal threshold set to: 32
--------------------------------------------------
n        | Standard Avg Time (s)  | Strassen Avg Time (s) 
--------------------------------------------------
4        | 0.000027               | 0.000045              
8        | 0.000101               | 0.000142              
12       | 0.000312               | 0.000698              
16       | 0.000708               | 0.000808              
20       | 0.001350               | 0.004538              
24       | 0.002304               | 0.004827              
28       | 0.003644               | 0.005236              
32       | 0.005369               | 0.005674              
36       | 0.007291               | 0.035827              
40       | 0.010007               | 0.036722              
44       | 0.013256               | 0.037815              
48       | 0.017039               | 0.038888              
52       | 0.021834               | 0.034057              
56       | 0.013749               | 0.020460              
60       | 0.016938               | 0.020990              
64       | 0.020041               | 0.021484              
68       | 0.024157               | 0.133145              
72       | 0.028486               | 0.133083              
76       | 0.033549               | 0.143920              
80       | 0.039826               | 0.141013              
84       | 0.045262               | 0.141792              
88       | 0.051738               | 0.152629              
92       | 0.059471               | 0.146050              
96       | 0.067689               | 0.147936              
100      | 0.076471               | 0.162647              
104      | 0.087148               | 0.154874              
108      | 0.095150               | 0.155554              
112      | 0.107501               | 0.158186              
116      | 0.118892               | 0.171497              
120      | 0.131730               | 0.165475              
124      | 0.148736               | 0.166968              
128      | 0.161912               | 0.179074              
132      | 0.175445               | 0.999888              
136      | 0.191708               | 1.045382              
140      | 0.217163               | 1.082742              
144      | 0.233093               | 1.084697              
148      | 0.256793               | 1.078266              
152      | 0.272154               | 1.076065              
156      | 0.310149               | 1.115063              
160      | 0.324504               | 1.094453              
164      | 0.343517               | 1.101307              
168      | 0.363632               | 1.107035              
172      | 0.391884               | 1.117648              
176      | 0.418512               | 1.160525              
180      | 0.448960               | 1.159266              
184      | 0.471133               | 1.147314              
188      | 0.513541               | 1.139447              
192      | 0.542235               | 1.151873              
196      | 0.571728               | 1.158231              
200      | 0.608602               | 1.184203              
204      | 0.661712               | 1.198355              
208      | 0.683460               | 1.221877              
212      | 0.751752               | 1.258453              
216      | 0.793948               | 1.281702              
220      | 0.810436               | 1.224457              
224      | 0.864762               | 1.219905              
228      | 0.909023               | 1.232622              
232      | 0.962290               | 1.250792              
236      | 1.000335               | 1.258274              
240      | 1.055068               | 1.256394              
244      | 1.105579               | 1.272495              
248      | 1.158183               | 1.285980              
252      | 1.221187               | 1.295652              
256      | 1.298067               | 1.286444              
--------------------------------------------------

--- System Usage AFTER EXPERIMENT FINISH ---
CPU Usage: 3.8%
Total RAM: 7.01 GB
Available RAM: 3.21 GB
Used RAM: 3.43 GB
--- End System Usage ---

